
net {
  name = unnamedBN;
  software = "aGrUM 0.18.2";
  node_size = (50 50);
}

node radius_mean {
   states = ("(12.0000, 16.5000]" );
   label = "radius_mean";
   ID = "radius_mean";
}

node texture_mean {
   states = ("(17.8499, 21.7000]" "(21.000, 22.0000]" );
   label = "texture_mean";
   ID = "texture_mean";
}

node perimeter_mean {
   states = ("(107.00000, 112.1000]" "(86.00000, 107.0000]" );
   label = "perimeter_mean";
   ID = "perimeter_mean";
}

node area_mean {
   states = ("(454.00000, 785.9000]" "(785.00000, 866.7000]" );
   label = "area_mean";
   ID = "area_mean";
}

node smoothness_mean {
   states = ("(0.00, 0.1000]" "(0.0880, 0.0000]" );
   label = "smoothness_mean";
   ID = "smoothness_mean";
}

node compactness_mean {
   states = ("(0.000, 0.1000]" );
   label = "compactness_mean";
   ID = "compactness_mean";
}

node concavity_mean {
   states = ("(0.000, 0.2000]" );
   label = "concavity_mean";
   ID = "concavity_mean";
}

node concave points_mean {
   states = ("(0.000, 0.0000]" "(0.0590, 0.0800]" );
   label = "concave points_mean";
   ID = "concave points_mean";
}

node symmetry_mean {
   states = ("(0.00000, 0.1700]" "(0.00000, 0.1800]" );
   label = "symmetry_mean";
   ID = "symmetry_mean";
}

node fractal_dimension_mean {
   states = ("(0.0000, 0.0600]" "(0.00000, 0.0600]" "(0.0489, 0.0000]" );
   label = "fractal_dimension_mean";
   ID = "fractal_dimension_mean";
}

node radius_se {
   states = ("(0.000, 0.7000]" "(0.1999, 0.4000]" );
   label = "radius_se";
   ID = "radius_se";
}

node texture_se {
   states = ("(0.00, 0.9000]" "(0.00, 1.0000]" "(1.00, 1.3000]" );
   label = "texture_se";
   ID = "texture_se";
}

node perimeter_se {
   states = ("(1.000, 3.1000]" "(3.000, 3.7000]" "(3.000, 5.8000]" );
   label = "perimeter_se";
   ID = "perimeter_se";
}

node area_se {
   states = ("(47.0000, 90.1000]" "(7.0000, 47.1000]" "(90.0000, 99.2000]" );
   label = "area_se";
   ID = "area_se";
}

node smoothness_se {
   states = ("(-0.0035, 0.0090]" "(0.00000, 0.0100]" "(0.0092, 0.0100]" );
   label = "smoothness_se";
   ID = "smoothness_se";
}

node compactness_se {
   states = ("(0.00000, 0.0300]" "(0.00000, 0.0400]" );
   label = "compactness_se";
   ID = "compactness_se";
}

node concavity_se {
   states = ("(0.00000, 0.0300]" "(0.00000, 0.0600]" );
   label = "concavity_se";
   ID = "concavity_se";
}

node concave points_se {
   states = ("(0.00000, 0.0100]" );
   label = "concave points_se";
   ID = "concave points_se";
}

node symmetry_se {
   states = ("(-0.0020, 0.0100]" "(0.00000, 0.0100]" );
   label = "symmetry_se";
   ID = "symmetry_se";
}

node fractal_dimension_se {
   states = ("(-0.0089, 0.0020]" "(0.0028, 0.0020]" "(0.0029, 0.0030]" );
   label = "fractal_dimension_se";
   ID = "fractal_dimension_se";
}

node radius_worst {
   states = ("(15.0000, 17.7000]" "(17.0000, 20.0000]" "(20.0000, 20.3000]" );
   label = "radius_worst";
   ID = "radius_worst";
}

node texture_worst {
   states = ("(21.0000, 24.2000]" "(24.0000, 24.4000]" "(24.0000, 26.2000]" );
   label = "texture_worst";
   ID = "texture_worst";
}

node perimeter_worst {
   states = ("(114.00000, 120.8000]" "(120.00000, 137.9000]" );
   label = "perimeter_worst";
   ID = "perimeter_worst";
}

node area_worst {
   states = ("(594.0000, 994.0000]" "(994.000000, 1328.1000]" );
   label = "area_worst";
   ID = "area_worst";
}

node smoothness_worst {
   states = ("(0.000, 0.1000]" );
   label = "smoothness_worst";
   ID = "smoothness_worst";
}

node compactness_worst {
   states = ("(0.00, 0.0000]" "(0.000, 0.4000]" );
   label = "compactness_worst";
   ID = "compactness_worst";
}

node concavity_worst {
   states = ("(0.000, 0.5000]" "(0.000, 0.6000]" );
   label = "concavity_worst";
   ID = "concavity_worst";
}

node concave points_worst {
   states = ("(0.000, 0.2000]" "(0.1699, 0.2000]" );
   label = "concave points_worst";
   ID = "concave points_worst";
}

node symmetry_worst {
   states = ("(0.000, 0.3000]" "(0.2299, 0.2000]" );
   label = "symmetry_worst";
   ID = "symmetry_worst";
}

node fractal_dimension_worst {
   states = ("(0.00000, 0.0900]" "(0.0609, 0.0800]" );
   label = "fractal_dimension_worst";
   ID = "fractal_dimension_worst";
}

node diagnosis {
   states = (Yes );
   label = "diagnosis";
   ID = "diagnosis";
}

potential ( radius_mean | area_mean   area_se   ) {
   data = 
   (((   1)   % area_se="(47.0000, 90.1000]"   area_mean="(454.00000, 785.9000]"   
   (   1)   % area_se="(7.0000, 47.1000]"   area_mean="(454.00000, 785.9000]"   
   (   1))   % area_se="(90.0000, 99.2000]"   area_mean="(454.00000, 785.9000]"   
   ((   1)   % area_se="(47.0000, 90.1000]"   area_mean="(785.00000, 866.7000]"   
   (   1)   % area_se="(7.0000, 47.1000]"   area_mean="(785.00000, 866.7000]"   
   (   1)));   % area_se="(90.0000, 99.2000]"   area_mean="(785.00000, 866.7000]"   
}

potential ( texture_mean | concave points_mean   ) {
   data = 
   ((   0.983221   0.0167785)   % concave points_mean="(0.000, 0.0000]"   
   (   0.998901   0.0010989));   % concave points_mean="(0.0590, 0.0800]"   
}

potential ( perimeter_mean | concave points_mean   ) {
   data = 
   ((   0.0302013   0.969799)   % concave points_mean="(0.000, 0.0000]"   
   (   0.0010989   0.998901));   % concave points_mean="(0.0590, 0.0800]"   
}

potential ( area_mean | concave points_mean   ) {
   data = 
   ((   0.956376   0.0436242)   % concave points_mean="(0.000, 0.0000]"   
   (   0.998901   0.0010989));   % concave points_mean="(0.0590, 0.0800]"   
}

potential ( smoothness_mean | concave points_mean   ) {
   data = 
   ((   0.0704698   0.92953)   % concave points_mean="(0.000, 0.0000]"   
   (   0.0010989   0.998901));   % concave points_mean="(0.0590, 0.0800]"   
}

potential ( compactness_mean | area_mean   area_se   ) {
   data = 
   (((   1)   % area_se="(47.0000, 90.1000]"   area_mean="(454.00000, 785.9000]"   
   (   1)   % area_se="(7.0000, 47.1000]"   area_mean="(454.00000, 785.9000]"   
   (   1))   % area_se="(90.0000, 99.2000]"   area_mean="(454.00000, 785.9000]"   
   ((   1)   % area_se="(47.0000, 90.1000]"   area_mean="(785.00000, 866.7000]"   
   (   1)   % area_se="(7.0000, 47.1000]"   area_mean="(785.00000, 866.7000]"   
   (   1)));   % area_se="(90.0000, 99.2000]"   area_mean="(785.00000, 866.7000]"   
}

potential ( concavity_mean | area_se   ) {
   data = 
   ((   1)   % area_se="(47.0000, 90.1000]"   
   (   1)   % area_se="(7.0000, 47.1000]"   
   (   1));   % area_se="(90.0000, 99.2000]"   
}

potential ( concave points_mean | fractal_dimension_mean   symmetry_mean   ) {
   data = 
   (((   0.812614   0.187386)   % symmetry_mean="(0.00000, 0.1700]"   fractal_dimension_mean="(0.0000, 0.0600]"   
   (   0.0714286   0.928571))   % symmetry_mean="(0.00000, 0.1800]"   fractal_dimension_mean="(0.0000, 0.0600]"   
   ((   0.0116279   0.988372)   % symmetry_mean="(0.00000, 0.1700]"   fractal_dimension_mean="(0.00000, 0.0600]"   
   (   0.5   0.5))   % symmetry_mean="(0.00000, 0.1800]"   fractal_dimension_mean="(0.00000, 0.0600]"   
   ((   0.000412201   0.999588)   % symmetry_mean="(0.00000, 0.1700]"   fractal_dimension_mean="(0.0489, 0.0000]"   
   (   0.5   0.5)));   % symmetry_mean="(0.00000, 0.1800]"   fractal_dimension_mean="(0.0489, 0.0000]"   
}

potential ( symmetry_mean | concavity_mean   ) {
   data = 
   ((   0.995033   0.00496689));   % concavity_mean="(0.000, 0.2000]"   
}

potential ( fractal_dimension_mean | radius_se   ) {
   data = 
   ((   0.000835422   0.000835422   0.998329)   % radius_se="(0.000, 0.7000]"   
   (   0.899187   0.0699187   0.0308943));   % radius_se="(0.1999, 0.4000]"   
}

potential (radius_se) {
   data = (  0.660596 0.339404);
}

potential ( texture_se | radius_se   ) {
   data = 
   ((   0.0710109   0.908104   0.0208855)   % radius_se="(0.000, 0.7000]"   
   (   0.996748   0.00162602   0.00162602));   % radius_se="(0.1999, 0.4000]"   
}

potential ( perimeter_se | texture_se   ) {
   data = 
   ((   0.00095511   0.99809   0.00095511)   % texture_se="(0.00, 0.9000]"   
   (   0.949142   0.0116422   0.0392157)   % texture_se="(0.00, 1.0000]"   
   (   0.025641   0.948718   0.025641));   % texture_se="(1.00, 1.3000]"   
}

potential ( area_se | perimeter_se   ) {
   data = 
   ((   0.969697   0.0238556   0.00644745)   % perimeter_se="(1.000, 3.1000]"   
   (   0.000908265   0.998183   0.000908265)   % perimeter_se="(3.000, 3.7000]"   
   (   0.0151515   0.969697   0.0151515));   % perimeter_se="(3.000, 5.8000]"   
}

potential ( smoothness_se | area_se   radius_mean   ) {
   data = 
   (((   0.0723772   0.00664011   0.920983))   % radius_mean="(12.0000, 16.5000]"   area_se="(47.0000, 90.1000]"   
   ((   0.998333   0.000833333   0.000833333))   % radius_mean="(12.0000, 16.5000]"   area_se="(7.0000, 47.1000]"   
   ((   0.833333   0.0833333   0.0833333)));   % radius_mean="(12.0000, 16.5000]"   area_se="(90.0000, 99.2000]"   
}

potential ( compactness_se | smoothness_se   ) {
   data = 
   ((   0.998861   0.00113895)   % smoothness_se="(-0.0035, 0.0090]"   
   (   0.875   0.125)   % smoothness_se="(0.00000, 0.0100]"   
   (   0.966523   0.0334773));   % smoothness_se="(0.0092, 0.0100]"   
}

potential ( concavity_se | compactness_se   smoothness_se   ) {
   data = 
   (((   0.99943   0.000570125)   % smoothness_se="(-0.0035, 0.0090]"   compactness_se="(0.00000, 0.0300]"   
   (   0.928571   0.0714286)   % smoothness_se="(0.00000, 0.0100]"   compactness_se="(0.00000, 0.0300]"   
   (   0.101117   0.898883))   % smoothness_se="(0.0092, 0.0100]"   compactness_se="(0.00000, 0.0300]"   
   ((   0.5   0.5)   % smoothness_se="(-0.0035, 0.0090]"   compactness_se="(0.00000, 0.0400]"   
   (   0.5   0.5)   % smoothness_se="(0.00000, 0.0100]"   compactness_se="(0.00000, 0.0400]"   
   (   0.983871   0.016129)));   % smoothness_se="(0.0092, 0.0100]"   compactness_se="(0.00000, 0.0400]"   
}

potential ( concave points_se | area_se   area_mean   ) {
   data = 
   (((   1)   % area_mean="(454.00000, 785.9000]"   area_se="(47.0000, 90.1000]"   
   (   1))   % area_mean="(785.00000, 866.7000]"   area_se="(47.0000, 90.1000]"   
   ((   1)   % area_mean="(454.00000, 785.9000]"   area_se="(7.0000, 47.1000]"   
   (   1))   % area_mean="(785.00000, 866.7000]"   area_se="(7.0000, 47.1000]"   
   ((   1)   % area_mean="(454.00000, 785.9000]"   area_se="(90.0000, 99.2000]"   
   (   1)));   % area_mean="(785.00000, 866.7000]"   area_se="(90.0000, 99.2000]"   
}

potential ( symmetry_se | concavity_se   diagnosis   ) {
   data = 
   (((   0.00149254   0.998507))   % diagnosis=Yes   concavity_se="(0.00000, 0.0300]"   
   ((   0.842007   0.157993)));   % diagnosis=Yes   concavity_se="(0.00000, 0.0600]"   
}

potential ( fractal_dimension_se | symmetry_se   ) {
   data = 
   ((   0.935389   0.0367107   0.0279001)   % symmetry_se="(-0.0020, 0.0100]"   
   (   0.000884173   0.998232   0.000884173));   % symmetry_se="(0.00000, 0.0100]"   
}

potential ( radius_worst | smoothness_worst   fractal_dimension_se   ) {
   data = 
   (((   0.0856844   0.903866   0.0104493)   % fractal_dimension_se="(-0.0089, 0.0020]"   smoothness_worst="(0.000, 0.1000]"   
   (   0.998845   0.000577701   0.000577701)   % fractal_dimension_se="(0.0028, 0.0020]"   smoothness_worst="(0.000, 0.1000]"   
   (   0.933333   0.0333333   0.0333333)));   % fractal_dimension_se="(0.0029, 0.0030]"   smoothness_worst="(0.000, 0.1000]"   
}

potential ( texture_worst | radius_worst   radius_mean   ) {
   data = 
   (((   0.998912   0.000543774   0.000543774))   % radius_mean="(12.0000, 16.5000]"   radius_worst="(15.0000, 17.7000]"   
   ((   0.10496   0.852364   0.0426759))   % radius_mean="(12.0000, 16.5000]"   radius_worst="(17.0000, 20.0000]"   
   ((   0.833333   0.0833333   0.0833333)));   % radius_mean="(12.0000, 16.5000]"   radius_worst="(20.0000, 20.3000]"   
}

potential ( perimeter_worst | texture_worst   area_worst   ) {
   data = 
   (((   0.999613   0.000387297)   % area_worst="(594.0000, 994.0000]"   texture_worst="(21.0000, 24.2000]"   
   (   0.5   0.5))   % area_worst="(994.000000, 1328.1000]"   texture_worst="(21.0000, 24.2000]"   
   ((   0.645631   0.354369)   % area_worst="(594.0000, 994.0000]"   texture_worst="(24.0000, 24.4000]"   
   (   0.998721   0.00127877))   % area_worst="(994.000000, 1328.1000]"   texture_worst="(24.0000, 24.4000]"   
   ((   0.98   0.02)   % area_worst="(594.0000, 994.0000]"   texture_worst="(24.0000, 26.2000]"   
   (   0.5   0.5)));   % area_worst="(994.000000, 1328.1000]"   texture_worst="(24.0000, 26.2000]"   
}

potential ( area_worst | texture_worst   ) {
   data = 
   ((   0.999226   0.000773994)   % texture_worst="(21.0000, 24.2000]"   
   (   0.208502   0.791498)   % texture_worst="(24.0000, 24.4000]"   
   (   0.961538   0.0384615));   % texture_worst="(24.0000, 26.2000]"   
}

potential ( smoothness_worst | area_mean   area_se   ) {
   data = 
   (((   1)   % area_se="(47.0000, 90.1000]"   area_mean="(454.00000, 785.9000]"   
   (   1)   % area_se="(7.0000, 47.1000]"   area_mean="(454.00000, 785.9000]"   
   (   1))   % area_se="(90.0000, 99.2000]"   area_mean="(454.00000, 785.9000]"   
   ((   1)   % area_se="(47.0000, 90.1000]"   area_mean="(785.00000, 866.7000]"   
   (   1)   % area_se="(7.0000, 47.1000]"   area_mean="(785.00000, 866.7000]"   
   (   1)));   % area_se="(90.0000, 99.2000]"   area_mean="(785.00000, 866.7000]"   
}

potential ( compactness_worst | area_worst   ) {
   data = 
   ((   0.00105708   0.998943)   % area_worst="(594.0000, 994.0000]"   
   (   0.706107   0.293893));   % area_worst="(994.000000, 1328.1000]"   
}

potential ( concavity_worst | compactness_worst   ) {
   data = 
   ((   0.284946   0.715054)   % compactness_worst="(0.00, 0.0000]"   
   (   0.999022   0.000978474));   % compactness_worst="(0.000, 0.4000]"   
}

potential ( concave points_worst | concavity_worst   ) {
   data = 
   ((   0.000931099   0.999069)   % concavity_worst="(0.000, 0.5000]"   
   (   0.0671642   0.932836));   % concavity_worst="(0.000, 0.6000]"   
}

potential ( symmetry_worst | fractal_dimension_worst   concavity_worst   ) {
   data = 
   (((   0.5   0.5)   % concavity_worst="(0.000, 0.5000]"   fractal_dimension_worst="(0.00000, 0.0900]"   
   (   0.0238095   0.97619))   % concavity_worst="(0.000, 0.6000]"   fractal_dimension_worst="(0.00000, 0.0900]"   
   ((   0.000465983   0.999534)   % concavity_worst="(0.000, 0.5000]"   fractal_dimension_worst="(0.0609, 0.0800]"   
   (   0.146018   0.853982)));   % concavity_worst="(0.000, 0.6000]"   fractal_dimension_worst="(0.0609, 0.0800]"   
}

potential ( fractal_dimension_worst | concavity_worst   ) {
   data = 
   ((   0.000931099   0.999069)   % concavity_worst="(0.000, 0.5000]"   
   (   0.156716   0.843284));   % concavity_worst="(0.000, 0.6000]"   
}

potential ( diagnosis | area_se   area_mean   ) {
   data = 
   (((   1)   % area_mean="(454.00000, 785.9000]"   area_se="(47.0000, 90.1000]"   
   (   1))   % area_mean="(785.00000, 866.7000]"   area_se="(47.0000, 90.1000]"   
   ((   1)   % area_mean="(454.00000, 785.9000]"   area_se="(7.0000, 47.1000]"   
   (   1))   % area_mean="(785.00000, 866.7000]"   area_se="(7.0000, 47.1000]"   
   ((   1)   % area_mean="(454.00000, 785.9000]"   area_se="(90.0000, 99.2000]"   
   (   1)));   % area_mean="(785.00000, 866.7000]"   area_se="(90.0000, 99.2000]"   
}


