
net {
  name = unnamedBN;
  software = "aGrUM 0.17.0";
  node_size = (50 50);
}

node radius_mean {
   states = ("(8.0000, 27.2000]" );
   label = "radius_mean";
   ID = "radius_mean";
}

node texture_mean {
   states = ("(14.000, 34.0000]" "(34.000, 38.8000]" );
   label = "texture_mean";
   ID = "texture_mean";
}

node perimeter_mean {
   states = ("(163.00000, 188.4000]" "(62.00000, 163.4000]" );
   label = "perimeter_mean";
   ID = "perimeter_mean";
}

node area_mean {
   states = ("(1835.000000, 2235.5000]" "(197.8900, 1835.3000]" );
   label = "area_mean";
   ID = "area_mean";
}

node smoothness_mean {
   states = ("(0.000, 0.1000]" "(0.0720, 0.1000]" );
   label = "smoothness_mean";
   ID = "smoothness_mean";
}

node compactness_mean {
   states = ("(0.000, 0.3000]" "(0.0000, 0.2000]" );
   label = "compactness_mean";
   ID = "compactness_mean";
}

node concavity_mean {
   states = ("(0.0049, 0.4000]" );
   label = "concavity_mean";
   ID = "concavity_mean";
}

node concave points_mean {
   states = ("(-0.0059, 0.0000]" "(0.0000, 0.0900]" "(0.0000, 0.1000]" );
   label = "concave points_mean";
   ID = "concave points_mean";
}

node symmetry_mean {
   states = ("(0.00, 0.1000]" "(0.000, 0.2000]" );
   label = "symmetry_mean";
   ID = "symmetry_mean";
}

node fractal_dimension_mean {
   states = ("(0.0514, 0.0580]" "(0.0588, 0.0590]" "(0.0591, 0.0960]" );
   label = "fractal_dimension_mean";
   ID = "fractal_dimension_mean";
}

node radius_se {
   states = ("(0.000, 0.2000]" "(0.000, 2.8000]" );
   label = "radius_se";
   ID = "radius_se";
}

node texture_se {
   states = ("(0.000, 1.1000]" "(1.000, 2.2000]" "(2.000, 3.7000]" );
   label = "texture_se";
   ID = "texture_se";
}

node perimeter_se {
   states = ("(1.000, 8.3000]" "(8.0000, 21.8000]" );
   label = "perimeter_se";
   ID = "perimeter_se";
}

node area_se {
   states = ("(12.0000, 20.7000]" "(20.00000, 482.0000]" "(482.00000, 534.1000]" );
   label = "area_se";
   ID = "area_se";
}

node smoothness_se {
   states = ("(-0.0062, 0.0060]" "(0.0000, 0.0000]" "(0.0065, 0.0200]" );
   label = "smoothness_se";
   ID = "smoothness_se";
}

node compactness_se {
   states = ("(-0.0014, 0.0600]" "(0.0000, 0.1000]" );
   label = "compactness_se";
   ID = "compactness_se";
}

node concavity_se {
   states = ("(-0.0000, 0.2000]" );
   label = "concavity_se";
   ID = "concavity_se";
}

node concave points_se {
   states = ("(-0.0053, 0.0300]" );
   label = "concave points_se";
   ID = "concave points_se";
}

node symmetry_se {
   states = ("(-0.0017, 0.0100]" "(0.00000, 0.0200]" "(0.00000, 0.0500]" );
   label = "symmetry_se";
   ID = "symmetry_se";
}

node fractal_dimension_se {
   states = ("(-0.0088, 0.0010]" "(0.0014, 0.0060]" "(0.0064, 0.0090]" );
   label = "fractal_dimension_se";
   ID = "fractal_dimension_se";
}

node radius_worst {
   states = ("(11.0000, 15.1000]" "(15.0000, 33.4000]" "(33.0000, 35.2000]" );
   label = "radius_worst";
   ID = "radius_worst";
}

node texture_worst {
   states = ("(15.0000, 25.5000]" "(25.000, 31.0000]" "(31.000, 40.7000]" );
   label = "texture_worst";
   ID = "texture_worst";
}

node perimeter_worst {
   states = ("(144.00000, 236.5000]" "(96.7299, 144.5000]" );
   label = "perimeter_worst";
   ID = "perimeter_worst";
}

node area_worst {
   states = ("(257.00000, 694.3000]" "(694.000000, 3893.2000]" );
   label = "area_worst";
   ID = "area_worst";
}

node smoothness_worst {
   states = ("(0.000, 0.2000]" "(0.0750, 0.1000]" );
   label = "smoothness_worst";
   ID = "smoothness_worst";
}

node compactness_worst {
   states = ("(0.000, 0.9000]" );
   label = "compactness_worst";
   ID = "compactness_worst";
}

node concavity_worst {
   states = ("(0.0000, 1.1000]" "(0.0029, 0.0500]" );
   label = "concavity_worst";
   ID = "concavity_worst";
}

node concave points_worst {
   states = ("(0.000, 0.0000]" "(0.0009, 0.0500]" );
   label = "concave points_worst";
   ID = "concave points_worst";
}

node symmetry_worst {
   states = ("(0.000, 0.2000]" "(0.000, 0.6000]" );
   label = "symmetry_worst";
   ID = "symmetry_worst";
}

node fractal_dimension_worst {
   states = ("(0.0609, 0.1000]" );
   label = "fractal_dimension_worst";
   ID = "fractal_dimension_worst";
}

node diagnosis {
   states = (No Yes );
   label = "diagnosis";
   ID = "diagnosis";
}

potential ( radius_mean | area_worst   smoothness_se   ) {
   data = 
   (((   1)   % area_worst="(257.00000, 694.3000]"   smoothness_se="(-0.0062, 0.0060]"   
   (   1))   % area_worst="(694.000000, 3893.2000]"   smoothness_se="(-0.0062, 0.0060]"   
   ((   1)   % area_worst="(257.00000, 694.3000]"   smoothness_se="(0.0000, 0.0000]"   
   (   1))   % area_worst="(694.000000, 3893.2000]"   smoothness_se="(0.0000, 0.0000]"   
   ((   1)   % area_worst="(257.00000, 694.3000]"   smoothness_se="(0.0065, 0.0200]"   
   (   1)));   % area_worst="(694.000000, 3893.2000]"   smoothness_se="(0.0065, 0.0200]"   
}

potential ( texture_mean | diagnosis   ) {
   data = 
   ((   0.985549   0.0144509)   % diagnosis=No   
   (   0.99884   0.00116009));   % diagnosis=Yes   
}

potential ( perimeter_mean | diagnosis   ) {
   data = 
   ((   0.0260116   0.973988)   % diagnosis=No   
   (   0.00116009   0.99884));   % diagnosis=Yes   
}

potential ( area_mean | diagnosis   ) {
   data = 
   ((   0.0375723   0.962428)   % diagnosis=No   
   (   0.00116009   0.99884));   % diagnosis=Yes   
}

potential ( smoothness_mean | concave points_mean   ) {
   data = 
   ((   0.0676856   0.932314)   % concave points_mean="(-0.0059, 0.0000]"   
   (   0.000749625   0.99925)   % concave points_mean="(0.0000, 0.0900]"   
   (   0.05   0.95));   % concave points_mean="(0.0000, 0.1000]"   
}

potential ( compactness_mean | concave points_mean   ) {
   data = 
   ((   0.0545852   0.945415)   % concave points_mean="(-0.0059, 0.0000]"   
   (   0.000749625   0.99925)   % concave points_mean="(0.0000, 0.0900]"   
   (   0.05   0.95));   % concave points_mean="(0.0000, 0.1000]"   
}

potential ( concavity_mean | smoothness_se   area_worst   ) {
   data = 
   (((   1)   % smoothness_se="(-0.0062, 0.0060]"   area_worst="(257.00000, 694.3000]"   
   (   1)   % smoothness_se="(0.0000, 0.0000]"   area_worst="(257.00000, 694.3000]"   
   (   1))   % smoothness_se="(0.0065, 0.0200]"   area_worst="(257.00000, 694.3000]"   
   ((   1)   % smoothness_se="(-0.0062, 0.0060]"   area_worst="(694.000000, 3893.2000]"   
   (   1)   % smoothness_se="(0.0000, 0.0000]"   area_worst="(694.000000, 3893.2000]"   
   (   1)));   % smoothness_se="(0.0065, 0.0200]"   area_worst="(694.000000, 3893.2000]"   
}

potential ( concave points_mean | fractal_dimension_mean   symmetry_mean   ) {
   data = 
   (((   0.89302   0.0711024   0.0358774)   % fractal_dimension_mean="(0.0514, 0.0580]"   symmetry_mean="(0.00, 0.1000]"   
   (   0.000276167   0.999448   0.000276167)   % fractal_dimension_mean="(0.0588, 0.0590]"   symmetry_mean="(0.00, 0.1000]"   
   (   0.00680272   0.986395   0.00680272))   % fractal_dimension_mean="(0.0591, 0.0960]"   symmetry_mean="(0.00, 0.1000]"   
   ((   0.00775194   0.984496   0.00775194)   % fractal_dimension_mean="(0.0514, 0.0580]"   symmetry_mean="(0.000, 0.2000]"   
   (   0.333333   0.333333   0.333333)   % fractal_dimension_mean="(0.0588, 0.0590]"   symmetry_mean="(0.000, 0.2000]"   
   (   0.333333   0.333333   0.333333)));   % fractal_dimension_mean="(0.0591, 0.0960]"   symmetry_mean="(0.000, 0.2000]"   
}

potential ( symmetry_mean | fractal_dimension_mean   ) {
   data = 
   ((   0.922383   0.0776173)   % fractal_dimension_mean="(0.0514, 0.0580]"   
   (   0.999172   0.000827815)   % fractal_dimension_mean="(0.0588, 0.0590]"   
   (   0.98   0.02));   % fractal_dimension_mean="(0.0591, 0.0960]"   
}

potential ( fractal_dimension_mean | radius_se   ) {
   data = 
   ((   0.899187   0.0211382   0.0796748)   % radius_se="(0.000, 0.2000]"   
   (   0.000835422   0.998329   0.000835422));   % radius_se="(0.000, 2.8000]"   
}

potential ( radius_se | texture_se   ) {
   data = 
   ((   0.893586   0.106414)   % texture_se="(0.000, 1.1000]"   
   (   0.000909091   0.999091)   % texture_se="(1.000, 2.2000]"   
   (   0.0384615   0.961538));   % texture_se="(2.000, 3.7000]"   
}

potential ( texture_se | area_se   perimeter_se   ) {
   data = 
   (((   0.918568   0.0487696   0.0326622)   % area_se="(12.0000, 20.7000]"   perimeter_se="(1.000, 8.3000]"   
   (   0.00033036   0.999339   0.00033036)   % area_se="(20.00000, 482.0000]"   perimeter_se="(1.000, 8.3000]"   
   (   0.047619   0.904762   0.047619))   % area_se="(482.00000, 534.1000]"   perimeter_se="(1.000, 8.3000]"   
   ((   0.00680272   0.986395   0.00680272)   % area_se="(12.0000, 20.7000]"   perimeter_se="(8.0000, 21.8000]"   
   (   0.333333   0.333333   0.333333)   % area_se="(20.00000, 482.0000]"   perimeter_se="(8.0000, 21.8000]"   
   (   0.333333   0.333333   0.333333)));   % area_se="(482.00000, 534.1000]"   perimeter_se="(8.0000, 21.8000]"   
}

potential ( perimeter_se | area_se   ) {
   data = 
   ((   0.938287   0.0617128)   % area_se="(12.0000, 20.7000]"   
   (   0.99901   0.000990099)   % area_se="(20.00000, 482.0000]"   
   (   0.875   0.125));   % area_se="(482.00000, 534.1000]"   
}

potential ( area_se | smoothness_se   ) {
   data = 
   ((   0.915319   0.0769823   0.00769823)   % smoothness_se="(-0.0062, 0.0060]"   
   (   0.0833333   0.833333   0.0833333)   % smoothness_se="(0.0000, 0.0000]"   
   (   0.000710732   0.998579   0.000710732));   % smoothness_se="(0.0065, 0.0200]"   
}

potential ( smoothness_se | symmetry_se   compactness_se   ) {
   data = 
   (((   0.817723   0.0059918   0.176285)   % symmetry_se="(-0.0017, 0.0100]"   compactness_se="(-0.0014, 0.0600]"   
   (   0.000495295   0.000495295   0.999009)   % symmetry_se="(0.00000, 0.0200]"   compactness_se="(-0.0014, 0.0600]"   
   (   0.00775194   0.00775194   0.984496))   % symmetry_se="(0.00000, 0.0500]"   compactness_se="(-0.0014, 0.0600]"   
   ((   0.00900901   0.00900901   0.981982)   % symmetry_se="(-0.0017, 0.0100]"   compactness_se="(0.0000, 0.1000]"   
   (   0.333333   0.333333   0.333333)   % symmetry_se="(0.00000, 0.0200]"   compactness_se="(0.0000, 0.1000]"   
   (   0.333333   0.333333   0.333333)));   % symmetry_se="(0.00000, 0.0500]"   compactness_se="(0.0000, 0.1000]"   
}

potential ( compactness_se | symmetry_se   ) {
   data = 
   ((   0.966179   0.0338208)   % symmetry_se="(-0.0017, 0.0100]"   
   (   0.998516   0.00148368)   % symmetry_se="(0.00000, 0.0200]"   
   (   0.977273   0.0227273));   % symmetry_se="(0.00000, 0.0500]"   
}

potential ( concavity_se | area_worst   smoothness_se   ) {
   data = 
   (((   1)   % area_worst="(257.00000, 694.3000]"   smoothness_se="(-0.0062, 0.0060]"   
   (   1))   % area_worst="(694.000000, 3893.2000]"   smoothness_se="(-0.0062, 0.0060]"   
   ((   1)   % area_worst="(257.00000, 694.3000]"   smoothness_se="(0.0000, 0.0000]"   
   (   1))   % area_worst="(694.000000, 3893.2000]"   smoothness_se="(0.0000, 0.0000]"   
   ((   1)   % area_worst="(257.00000, 694.3000]"   smoothness_se="(0.0065, 0.0200]"   
   (   1)));   % area_worst="(694.000000, 3893.2000]"   smoothness_se="(0.0065, 0.0200]"   
}

potential ( concave points_se | smoothness_se   area_worst   ) {
   data = 
   (((   1)   % smoothness_se="(-0.0062, 0.0060]"   area_worst="(257.00000, 694.3000]"   
   (   1)   % smoothness_se="(0.0000, 0.0000]"   area_worst="(257.00000, 694.3000]"   
   (   1))   % smoothness_se="(0.0065, 0.0200]"   area_worst="(257.00000, 694.3000]"   
   ((   1)   % smoothness_se="(-0.0062, 0.0060]"   area_worst="(694.000000, 3893.2000]"   
   (   1)   % smoothness_se="(0.0000, 0.0000]"   area_worst="(694.000000, 3893.2000]"   
   (   1)));   % smoothness_se="(0.0065, 0.0200]"   area_worst="(694.000000, 3893.2000]"   
}

potential ( symmetry_se | fractal_dimension_se   ) {
   data = 
   ((   0.946852   0.0161756   0.0369728)   % fractal_dimension_se="(-0.0088, 0.0010]"   
   (   0.00105485   0.99789   0.00105485)   % fractal_dimension_se="(0.0014, 0.0060]"   
   (   0.025641   0.948718   0.025641));   % fractal_dimension_se="(0.0064, 0.0090]"   
}

potential ( fractal_dimension_se | radius_worst   ) {
   data = 
   ((   0.949478   0.0302032   0.0203185)   % radius_worst="(11.0000, 15.1000]"   
   (   0.00112994   0.99774   0.00112994)   % radius_worst="(15.0000, 33.4000]"   
   (   0.0833333   0.833333   0.0833333));   % radius_worst="(33.0000, 35.2000]"   
}

potential ( radius_worst | texture_worst   ) {
   data = 
   ((   0.942976   0.0518403   0.00518403)   % texture_worst="(15.0000, 25.5000]"   
   (   0.00133333   0.997333   0.00133333)   % texture_worst="(25.000, 31.0000]"   
   (   0.025641   0.948718   0.025641));   % texture_worst="(31.000, 40.7000]"   
}

potential (texture_worst) {
   data = (  0.709713 0.275938 0.0143488);
}

potential ( perimeter_worst | texture_worst   area_worst   ) {
   data = 
   (((   0.000389105   0.999611)   % texture_worst="(15.0000, 25.5000]"   area_worst="(257.00000, 694.3000]"   
   (   0.467033   0.532967)   % texture_worst="(25.000, 31.0000]"   area_worst="(257.00000, 694.3000]"   
   (   0.02   0.98))   % texture_worst="(31.000, 40.7000]"   area_worst="(257.00000, 694.3000]"   
   ((   0.5   0.5)   % texture_worst="(15.0000, 25.5000]"   area_worst="(694.000000, 3893.2000]"   
   (   0.00122249   0.998778)   % texture_worst="(25.000, 31.0000]"   area_worst="(694.000000, 3893.2000]"   
   (   0.5   0.5)));   % texture_worst="(31.000, 40.7000]"   area_worst="(694.000000, 3893.2000]"   
}

potential ( area_worst | texture_worst   ) {
   data = 
   ((   0.999222   0.000777605)   % texture_worst="(15.0000, 25.5000]"   
   (   0.182   0.818)   % texture_worst="(25.000, 31.0000]"   
   (   0.961538   0.0384615));   % texture_worst="(31.000, 40.7000]"   
}

potential ( smoothness_worst | area_worst   fractal_dimension_worst   ) {
   data = 
   (((   0.00107066   0.998929)   % area_worst="(257.00000, 694.3000]"   fractal_dimension_worst="(0.0609, 0.1000]"   
   (   0.835766   0.164234)));   % area_worst="(694.000000, 3893.2000]"   fractal_dimension_worst="(0.0609, 0.1000]"   
}

potential ( compactness_worst | smoothness_se   area_worst   ) {
   data = 
   (((   1)   % smoothness_se="(-0.0062, 0.0060]"   area_worst="(257.00000, 694.3000]"   
   (   1)   % smoothness_se="(0.0000, 0.0000]"   area_worst="(257.00000, 694.3000]"   
   (   1))   % smoothness_se="(0.0065, 0.0200]"   area_worst="(257.00000, 694.3000]"   
   ((   1)   % smoothness_se="(-0.0062, 0.0060]"   area_worst="(694.000000, 3893.2000]"   
   (   1)   % smoothness_se="(0.0000, 0.0000]"   area_worst="(694.000000, 3893.2000]"   
   (   1)));   % smoothness_se="(0.0065, 0.0200]"   area_worst="(694.000000, 3893.2000]"   
}

potential ( concavity_worst | smoothness_worst   ) {
   data = 
   ((   0.682609   0.317391)   % smoothness_worst="(0.000, 0.2000]"   
   (   0.00102249   0.998978));   % smoothness_worst="(0.0750, 0.1000]"   
}

potential ( concave points_worst | concavity_worst   ) {
   data = 
   ((   0.689873   0.310127)   % concavity_worst="(0.0000, 1.1000]"   
   (   0.000952381   0.999048));   % concavity_worst="(0.0029, 0.0500]"   
}

potential ( symmetry_worst | concave points_worst   ) {
   data = 
   ((   0.7   0.3)   % concave points_worst="(0.000, 0.0000]"   
   (   0.999089   0.000910747));   % concave points_worst="(0.0009, 0.0500]"   
}

potential ( fractal_dimension_worst | area_worst   smoothness_se   ) {
   data = 
   (((   1)   % area_worst="(257.00000, 694.3000]"   smoothness_se="(-0.0062, 0.0060]"   
   (   1))   % area_worst="(694.000000, 3893.2000]"   smoothness_se="(-0.0062, 0.0060]"   
   ((   1)   % area_worst="(257.00000, 694.3000]"   smoothness_se="(0.0000, 0.0000]"   
   (   1))   % area_worst="(694.000000, 3893.2000]"   smoothness_se="(0.0000, 0.0000]"   
   ((   1)   % area_worst="(257.00000, 694.3000]"   smoothness_se="(0.0065, 0.0200]"   
   (   1)));   % area_worst="(694.000000, 3893.2000]"   smoothness_se="(0.0065, 0.0200]"   
}

potential ( diagnosis | radius_se   fractal_dimension_mean   concave points_mean   ) {
   data = 
   ((((   0.999635   0.00036523)   % radius_se="(0.000, 0.2000]"   fractal_dimension_mean="(0.0514, 0.0580]"   concave points_mean="(-0.0059, 0.0000]"   
   (   0.5   0.5))   % radius_se="(0.000, 2.8000]"   fractal_dimension_mean="(0.0514, 0.0580]"   concave points_mean="(-0.0059, 0.0000]"   
   ((   0.5   0.5)   % radius_se="(0.000, 0.2000]"   fractal_dimension_mean="(0.0588, 0.0590]"   concave points_mean="(-0.0059, 0.0000]"   
   (   0.5   0.5))   % radius_se="(0.000, 2.8000]"   fractal_dimension_mean="(0.0588, 0.0590]"   concave points_mean="(-0.0059, 0.0000]"   
   ((   0.5   0.5)   % radius_se="(0.000, 0.2000]"   fractal_dimension_mean="(0.0591, 0.0960]"   concave points_mean="(-0.0059, 0.0000]"   
   (   0.5   0.5)))   % radius_se="(0.000, 2.8000]"   fractal_dimension_mean="(0.0591, 0.0960]"   concave points_mean="(-0.0059, 0.0000]"   
   (((   0.0787234   0.921277)   % radius_se="(0.000, 0.2000]"   fractal_dimension_mean="(0.0514, 0.0580]"   concave points_mean="(0.0000, 0.0900]"   
   (   0.5   0.5))   % radius_se="(0.000, 2.8000]"   fractal_dimension_mean="(0.0514, 0.0580]"   concave points_mean="(0.0000, 0.0900]"   
   ((   0.5   0.5)   % radius_se="(0.000, 0.2000]"   fractal_dimension_mean="(0.0588, 0.0590]"   concave points_mean="(0.0000, 0.0900]"   
   (   0.000139548   0.99986))   % radius_se="(0.000, 2.8000]"   fractal_dimension_mean="(0.0588, 0.0590]"   concave points_mean="(0.0000, 0.0900]"   
   ((   0.996552   0.00344828)   % radius_se="(0.000, 0.2000]"   fractal_dimension_mean="(0.0591, 0.0960]"   concave points_mean="(0.0000, 0.0900]"   
   (   0.5   0.5)))   % radius_se="(0.000, 2.8000]"   fractal_dimension_mean="(0.0591, 0.0960]"   concave points_mean="(0.0000, 0.0900]"   
   (((   0.00909091   0.990909)   % radius_se="(0.000, 0.2000]"   fractal_dimension_mean="(0.0514, 0.0580]"   concave points_mean="(0.0000, 0.1000]"   
   (   0.5   0.5))   % radius_se="(0.000, 2.8000]"   fractal_dimension_mean="(0.0514, 0.0580]"   concave points_mean="(0.0000, 0.1000]"   
   ((   0.5   0.5)   % radius_se="(0.000, 0.2000]"   fractal_dimension_mean="(0.0588, 0.0590]"   concave points_mean="(0.0000, 0.1000]"   
   (   0.5   0.5))   % radius_se="(0.000, 2.8000]"   fractal_dimension_mean="(0.0588, 0.0590]"   concave points_mean="(0.0000, 0.1000]"   
   ((   0.5   0.5)   % radius_se="(0.000, 0.2000]"   fractal_dimension_mean="(0.0591, 0.0960]"   concave points_mean="(0.0000, 0.1000]"   
   (   0.5   0.5))));   % radius_se="(0.000, 2.8000]"   fractal_dimension_mean="(0.0591, 0.0960]"   concave points_mean="(0.0000, 0.1000]"   
}


