
net {
  name = unnamedBN;
  software = "aGrUM 0.18.2";
  node_size = (50 50);
}

node radius_mean {
   states = ("(11.0000, 14.9000]" );
   label = "radius_mean";
   ID = "radius_mean";
}

node texture_mean {
   states = ("(10.000, 13.1000]" "(13.0000, 13.8000]" );
   label = "texture_mean";
   ID = "texture_mean";
}

node perimeter_mean {
   states = ("(73.4499, 94.2000]" "(94.0000, 99.4000]" );
   label = "perimeter_mean";
   ID = "perimeter_mean";
}

node area_mean {
   states = ("(306.00000, 637.8000]" "(637.00000, 718.7000]" );
   label = "area_mean";
   ID = "area_mean";
}

node smoothness_mean {
   states = ("(0.00000, 0.1200]" );
   label = "smoothness_mean";
   ID = "smoothness_mean";
}

node compactness_mean {
   states = ("(0.000, 0.1000]" "(0.0600, 0.1000]" );
   label = "compactness_mean";
   ID = "compactness_mean";
}

node concavity_mean {
   states = ("(0.0259, 0.1000]" );
   label = "concavity_mean";
   ID = "concavity_mean";
}

node concave points_mean {
   states = ("(0.00000, 0.0600]" "(0.00000, 0.0700]" );
   label = "concave points_mean";
   ID = "concave points_mean";
}

node symmetry_mean {
   states = ("(0.00000, 0.2300]" );
   label = "symmetry_mean";
   ID = "symmetry_mean";
}

node fractal_dimension_mean {
   states = ("(0.00000, 0.0600]" "(0.00000, 0.0700]" );
   label = "fractal_dimension_mean";
   ID = "fractal_dimension_mean";
}

node radius_se {
   states = ("(0.000, 0.4000]" "(0.000, 0.6000]" );
   label = "radius_se";
   ID = "radius_se";
}

node texture_se {
   states = ("(0.000, 1.0000]" "(1.000, 1.0000]" "(1.000, 1.4000]" );
   label = "texture_se";
   ID = "texture_se";
}

node perimeter_se {
   states = ("(0.000, 2.2000]" "(2.000, 2.6000]" "(2.000, 4.7000]" );
   label = "perimeter_se";
   ID = "perimeter_se";
}

node area_se {
   states = ("(32.0000, 77.2000]" "(7.6000, 32.6000]" "(77.0000, 85.0000]" );
   label = "area_se";
   ID = "area_se";
}

node smoothness_se {
   states = ("(0.00000, 0.0100]" "(0.0009, 0.0100]" );
   label = "smoothness_se";
   ID = "smoothness_se";
}

node compactness_se {
   states = ("(0.00000, 0.0200]" "(0.00000, 0.0300]" "(0.0079, 0.0200]" );
   label = "compactness_se";
   ID = "compactness_se";
}

node concavity_se {
   states = ("(-0.0057, 0.0080]" "(0.0089, 0.0300]" );
   label = "concavity_se";
   ID = "concavity_se";
}

node concave points_se {
   states = ("(-0.0056, 0.0060]" "(0.0064, 0.0090]" );
   label = "concave points_se";
   ID = "concave points_se";
}

node symmetry_se {
   states = ("(0.00000, 0.0200]" );
   label = "symmetry_se";
   ID = "symmetry_se";
}

node fractal_dimension_se {
   states = ("(-0.0072, 0.0040]" "(0.0046, 0.0040]" "(0.0048, 0.0050]" );
   label = "fractal_dimension_se";
   ID = "fractal_dimension_se";
}

node radius_worst {
   states = ("(11.0000, 13.4000]" "(13.0000, 15.7000]" "(15.0000, 16.1000]" );
   label = "radius_worst";
   ID = "radius_worst";
}

node texture_worst {
   states = ("(12.0000, 12.4000]" "(12.0000, 14.2000]" "(14.0000, 15.2000]" );
   label = "texture_worst";
   ID = "texture_worst";
}

node perimeter_worst {
   states = ("(81.5399, 88.0000]" "(88.00000, 105.1000]" );
   label = "perimeter_worst";
   ID = "perimeter_worst";
}

node area_worst {
   states = ("(191.7000, 570.9000]" "(570.00000, 907.0000]" );
   label = "area_worst";
   ID = "area_worst";
}

node smoothness_worst {
   states = ("(0.000, 0.1000]" "(0.1200, 0.1000]" );
   label = "smoothness_worst";
   ID = "smoothness_worst";
}

node compactness_worst {
   states = ("(0.000, 0.2000]" "(0.0000, 0.1000]" );
   label = "compactness_worst";
   ID = "compactness_worst";
}

node concavity_worst {
   states = ("(-0.0077, 0.0900]" "(0.000, 0.0000]" );
   label = "concavity_worst";
   ID = "concavity_worst";
}

node concave points_worst {
   states = ("(0.00000, 0.0700]" "(0.00000, 0.0800]" );
   label = "concave points_worst";
   ID = "concave points_worst";
}

node symmetry_worst {
   states = ("(0.000, 0.2000]" "(0.000, 0.3000]" );
   label = "symmetry_worst";
   ID = "symmetry_worst";
}

node fractal_dimension_worst {
   states = ("(0.00000, 0.0700]" "(0.00000, 0.0800]" );
   label = "fractal_dimension_worst";
   ID = "fractal_dimension_worst";
}

node diagnosis {
   states = (No );
   label = "diagnosis";
   ID = "diagnosis";
}

potential ( radius_mean | area_worst   area_se   ) {
   data = 
   (((   1)   % area_se="(32.0000, 77.2000]"   area_worst="(191.7000, 570.9000]"   
   (   1)   % area_se="(7.6000, 32.6000]"   area_worst="(191.7000, 570.9000]"   
   (   1))   % area_se="(77.0000, 85.0000]"   area_worst="(191.7000, 570.9000]"   
   ((   1)   % area_se="(32.0000, 77.2000]"   area_worst="(570.00000, 907.0000]"   
   (   1)   % area_se="(7.6000, 32.6000]"   area_worst="(570.00000, 907.0000]"   
   (   1)));   % area_se="(77.0000, 85.0000]"   area_worst="(570.00000, 907.0000]"   
}

potential ( texture_mean | concave points_mean   ) {
   data = 
   ((   0.998901   0.0010989)   % concave points_mean="(0.00000, 0.0600]"   
   (   0.983221   0.0167785));   % concave points_mean="(0.00000, 0.0700]"   
}

potential ( perimeter_mean | concave points_mean   ) {
   data = 
   ((   0.998901   0.0010989)   % concave points_mean="(0.00000, 0.0600]"   
   (   0.969799   0.0302013));   % concave points_mean="(0.00000, 0.0700]"   
}

potential ( area_mean | concave points_mean   ) {
   data = 
   ((   0.998901   0.0010989)   % concave points_mean="(0.00000, 0.0600]"   
   (   0.956376   0.0436242));   % concave points_mean="(0.00000, 0.0700]"   
}

potential ( smoothness_mean | area_se   area_worst   ) {
   data = 
   (((   1)   % area_worst="(191.7000, 570.9000]"   area_se="(32.0000, 77.2000]"   
   (   1))   % area_worst="(570.00000, 907.0000]"   area_se="(32.0000, 77.2000]"   
   ((   1)   % area_worst="(191.7000, 570.9000]"   area_se="(7.6000, 32.6000]"   
   (   1))   % area_worst="(570.00000, 907.0000]"   area_se="(7.6000, 32.6000]"   
   ((   1)   % area_worst="(191.7000, 570.9000]"   area_se="(77.0000, 85.0000]"   
   (   1)));   % area_worst="(570.00000, 907.0000]"   area_se="(77.0000, 85.0000]"   
}

potential ( compactness_mean | concave points_mean   ) {
   data = 
   ((   0.0010989   0.998901)   % concave points_mean="(0.00000, 0.0600]"   
   (   0.057047   0.942953));   % concave points_mean="(0.00000, 0.0700]"   
}

potential ( concavity_mean | area_se   area_worst   ) {
   data = 
   (((   1)   % area_worst="(191.7000, 570.9000]"   area_se="(32.0000, 77.2000]"   
   (   1))   % area_worst="(570.00000, 907.0000]"   area_se="(32.0000, 77.2000]"   
   ((   1)   % area_worst="(191.7000, 570.9000]"   area_se="(7.6000, 32.6000]"   
   (   1))   % area_worst="(570.00000, 907.0000]"   area_se="(7.6000, 32.6000]"   
   ((   1)   % area_worst="(191.7000, 570.9000]"   area_se="(77.0000, 85.0000]"   
   (   1)));   % area_worst="(570.00000, 907.0000]"   area_se="(77.0000, 85.0000]"   
}

potential ( concave points_mean | radius_se   ) {
   data = 
   ((   0.27561   0.72439)   % radius_se="(0.000, 0.4000]"   
   (   0.998747   0.00125313));   % radius_se="(0.000, 0.6000]"   
}

potential ( symmetry_mean | area_worst   area_se   ) {
   data = 
   (((   1)   % area_se="(32.0000, 77.2000]"   area_worst="(191.7000, 570.9000]"   
   (   1)   % area_se="(7.6000, 32.6000]"   area_worst="(191.7000, 570.9000]"   
   (   1))   % area_se="(77.0000, 85.0000]"   area_worst="(191.7000, 570.9000]"   
   ((   1)   % area_se="(32.0000, 77.2000]"   area_worst="(570.00000, 907.0000]"   
   (   1)   % area_se="(7.6000, 32.6000]"   area_worst="(570.00000, 907.0000]"   
   (   1)));   % area_se="(77.0000, 85.0000]"   area_worst="(570.00000, 907.0000]"   
}

potential ( fractal_dimension_mean | radius_se   concave points_mean   ) {
   data = 
   (((   0.747788   0.252212)   % concave points_mean="(0.00000, 0.0600]"   radius_se="(0.000, 0.4000]"   
   (   0.998316   0.0016835))   % concave points_mean="(0.00000, 0.0700]"   radius_se="(0.000, 0.4000]"   
   ((   0.999373   0.000627353)   % concave points_mean="(0.00000, 0.0600]"   radius_se="(0.000, 0.6000]"   
   (   0.5   0.5)));   % concave points_mean="(0.00000, 0.0700]"   radius_se="(0.000, 0.6000]"   
}

potential (radius_se) {
   data = (  0.339404 0.660596);
}

potential ( texture_se | radius_se   ) {
   data = 
   ((   0.996748   0.00162602   0.00162602)   % radius_se="(0.000, 0.4000]"   
   (   0.0710109   0.908104   0.0208855));   % radius_se="(0.000, 0.6000]"   
}

potential ( perimeter_se | texture_se   ) {
   data = 
   ((   0.00095511   0.99809   0.00095511)   % texture_se="(0.000, 1.0000]"   
   (   0.949142   0.0116422   0.0392157)   % texture_se="(1.000, 1.0000]"   
   (   0.025641   0.948718   0.025641));   % texture_se="(1.000, 1.4000]"   
}

potential ( area_se | perimeter_se   smoothness_se   ) {
   data = 
   (((   0.999284   0.000358038   0.000358038)   % smoothness_se="(0.00000, 0.0100]"   perimeter_se="(0.000, 2.2000]"   
   (   0.702265   0.236246   0.0614887))   % smoothness_se="(0.0009, 0.0100]"   perimeter_se="(0.000, 2.2000]"   
   ((   0.333333   0.333333   0.333333)   % smoothness_se="(0.00000, 0.0100]"   perimeter_se="(2.000, 2.6000]"   
   (   0.000454752   0.99909   0.000454752))   % smoothness_se="(0.0009, 0.0100]"   perimeter_se="(2.000, 2.6000]"   
   ((   0.333333   0.333333   0.333333)   % smoothness_se="(0.00000, 0.0100]"   perimeter_se="(2.000, 4.7000]"   
   (   0.00775194   0.984496   0.00775194)));   % smoothness_se="(0.0009, 0.0100]"   perimeter_se="(2.000, 4.7000]"   
}

potential ( smoothness_se | perimeter_se   ) {
   data = 
   ((   0.900387   0.0996132)   % perimeter_se="(0.000, 2.2000]"   
   (   0.0013624   0.998638)   % perimeter_se="(2.000, 2.6000]"   
   (   0.0227273   0.977273));   % perimeter_se="(2.000, 4.7000]"   
}

potential ( compactness_se | smoothness_se   ) {
   data = 
   ((   0.039657   0.0332262   0.927117)   % smoothness_se="(0.00000, 0.0100]"   
   (   0.997725   0.00113766   0.00113766));   % smoothness_se="(0.0009, 0.0100]"   
}

potential ( concavity_se | compactness_se   ) {
   data = 
   ((   0.998906   0.00109409)   % compactness_se="(0.00000, 0.0200]"   
   (   0.96875   0.03125)   % compactness_se="(0.00000, 0.0300]"   
   (   0.056582   0.943418));   % compactness_se="(0.0079, 0.0200]"   
}

potential ( concave points_se | concavity_se   ) {
   data = 
   ((   0.998489   0.00151057)   % concavity_se="(-0.0057, 0.0080]"   
   (   0.0824176   0.917582));   % concavity_se="(0.0089, 0.0300]"   
}

potential ( symmetry_se | area_worst   area_se   ) {
   data = 
   (((   1)   % area_se="(32.0000, 77.2000]"   area_worst="(191.7000, 570.9000]"   
   (   1)   % area_se="(7.6000, 32.6000]"   area_worst="(191.7000, 570.9000]"   
   (   1))   % area_se="(77.0000, 85.0000]"   area_worst="(191.7000, 570.9000]"   
   ((   1)   % area_se="(32.0000, 77.2000]"   area_worst="(570.00000, 907.0000]"   
   (   1)   % area_se="(7.6000, 32.6000]"   area_worst="(570.00000, 907.0000]"   
   (   1)));   % area_se="(77.0000, 85.0000]"   area_worst="(570.00000, 907.0000]"   
}

potential ( fractal_dimension_se | concave points_se   radius_worst   ) {
   data = 
   (((   0.000315358   0.999369   0.000315358)   % radius_worst="(11.0000, 13.4000]"   concave points_se="(-0.0056, 0.0060]"   
   (   0.333333   0.333333   0.333333)   % radius_worst="(13.0000, 15.7000]"   concave points_se="(-0.0056, 0.0060]"   
   (   0.333333   0.333333   0.333333))   % radius_worst="(15.0000, 16.1000]"   concave points_se="(-0.0056, 0.0060]"   
   ((   0.321499   0.57002   0.108481)   % radius_worst="(11.0000, 13.4000]"   concave points_se="(0.0064, 0.0090]"   
   (   0.998845   0.000577701   0.000577701)   % radius_worst="(13.0000, 15.7000]"   concave points_se="(0.0064, 0.0090]"   
   (   0.904762   0.047619   0.047619)));   % radius_worst="(15.0000, 16.1000]"   concave points_se="(0.0064, 0.0090]"   
}

potential ( radius_worst | concave points_se   ) {
   data = 
   ((   0.998111   0.000944287   0.000944287)   % concave points_se="(-0.0056, 0.0060]"   
   (   0.224436   0.766268   0.00929615));   % concave points_se="(0.0064, 0.0090]"   
}

potential ( texture_worst | radius_worst   ) {
   data = 
   ((   0.998912   0.000543774   0.000543774)   % radius_worst="(11.0000, 13.4000]"   
   (   0.0738178   0.883506   0.0426759)   % radius_worst="(13.0000, 15.7000]"   
   (   0.833333   0.0833333   0.0833333));   % radius_worst="(15.0000, 16.1000]"   
}

potential ( perimeter_worst | texture_worst   area_worst   ) {
   data = 
   (((   0.999607   0.000392773)   % area_worst="(191.7000, 570.9000]"   texture_worst="(12.0000, 12.4000]"   
   (   0.5   0.5))   % area_worst="(570.00000, 907.0000]"   texture_worst="(12.0000, 12.4000]"   
   ((   0.682609   0.317391)   % area_worst="(191.7000, 570.9000]"   texture_worst="(12.0000, 14.2000]"   
   (   0.998741   0.00125945))   % area_worst="(570.00000, 907.0000]"   texture_worst="(12.0000, 14.2000]"   
   ((   0.98   0.02)   % area_worst="(191.7000, 570.9000]"   texture_worst="(14.0000, 15.2000]"   
   (   0.5   0.5)));   % area_worst="(570.00000, 907.0000]"   texture_worst="(14.0000, 15.2000]"   
}

potential ( area_worst | texture_worst   ) {
   data = 
   ((   0.999215   0.000784929)   % texture_worst="(12.0000, 12.4000]"   
   (   0.224609   0.775391)   % texture_worst="(12.0000, 14.2000]"   
   (   0.961538   0.0384615));   % texture_worst="(14.0000, 15.2000]"   
}

potential ( smoothness_worst | area_worst   ) {
   data = 
   ((   0.00106157   0.998938)   % area_worst="(191.7000, 570.9000]"   
   (   0.845865   0.154135));   % area_worst="(570.00000, 907.0000]"   
}

potential ( compactness_worst | smoothness_worst   ) {
   data = 
   ((   0.818584   0.181416)   % smoothness_worst="(0.000, 0.1000]"   
   (   0.00101833   0.998982));   % smoothness_worst="(0.1200, 0.1000]"   
}

potential ( concavity_worst | compactness_worst   ) {
   data = 
   ((   0.263441   0.736559)   % compactness_worst="(0.000, 0.2000]"   
   (   0.999022   0.000978474));   % compactness_worst="(0.0000, 0.1000]"   
}

potential ( concave points_worst | concavity_worst   ) {
   data = 
   ((   0.999065   0.000934579)   % concavity_worst="(-0.0077, 0.0900]"   
   (   0.934783   0.0652174));   % concavity_worst="(0.000, 0.0000]"   
}

potential ( symmetry_worst | concavity_worst   ) {
   data = 
   ((   0.999065   0.000934579)   % concavity_worst="(-0.0077, 0.0900]"   
   (   0.876812   0.123188));   % concavity_worst="(0.000, 0.0000]"   
}

potential ( fractal_dimension_worst | symmetry_worst   concavity_worst   ) {
   data = 
   (((   0.999532   0.000467727)   % concavity_worst="(-0.0077, 0.0900]"   symmetry_worst="(0.000, 0.2000]"   
   (   0.830579   0.169421))   % concavity_worst="(0.000, 0.0000]"   symmetry_worst="(0.000, 0.2000]"   
   ((   0.5   0.5)   % concavity_worst="(-0.0077, 0.0900]"   symmetry_worst="(0.000, 0.3000]"   
   (   0.970588   0.0294118)));   % concavity_worst="(0.000, 0.0000]"   symmetry_worst="(0.000, 0.3000]"   
}

potential ( diagnosis | area_se   area_worst   ) {
   data = 
   (((   1)   % area_worst="(191.7000, 570.9000]"   area_se="(32.0000, 77.2000]"   
   (   1))   % area_worst="(570.00000, 907.0000]"   area_se="(32.0000, 77.2000]"   
   ((   1)   % area_worst="(191.7000, 570.9000]"   area_se="(7.6000, 32.6000]"   
   (   1))   % area_worst="(570.00000, 907.0000]"   area_se="(7.6000, 32.6000]"   
   ((   1)   % area_worst="(191.7000, 570.9000]"   area_se="(77.0000, 85.0000]"   
   (   1)));   % area_worst="(570.00000, 907.0000]"   area_se="(77.0000, 85.0000]"   
}


